wire (0 -0.347) (0 -0.1225)
wire (0 -0.1225) (0 -0.1225)
wire (0 -0.1225) (-0.2121 0)
wire (-0.2121 0) (-0.2121 0)
wire (-0.2121 0) (-0.3536 -0.0816)
wire (-0.3536 -0.0816) (-0.3536 -0.0816)
wire (-0.3536 -0.0816) (-0.3536 -0.3062)
wire (-0.3536 -0.3062) (-0.3536 -0.3062)
wire (-0.3536 -0.3062) (-0.1414 -0.4287)
wire (-0.1414 -0.4287) (-0.1414 -0.4287)
wire (-0.1414 -0.4287) (0 -0.347)
wire (0 -0.347) (0 -0.347)
wire (0 -0.347) (-0.2121 -0.2245)
wire (-0.2121 -0.2245) (-0.2121 -0.2245)
wire (-0.2121 -0.2245) (-0.2121 0)
wire (-0.2121 0) (-0.2121 -0.2245)
wire (-0.2121 -0.2245) (-0.3536 -0.3062)
wire (-0.8132 -0.5715) (-0.7071 -0.6328)
wire (-0.6718 -0.8165) (-0.3005 -0.6022)
wire (-0.3005 -0.6022) (-0.3005 -0.6022)
wire (-0.3005 -0.6022) (-0.3712 -0.5613)
wire (-0.3712 -0.5613) (-0.3712 -0.5613)
wire (-0.3712 -0.5613) (-0.2828 -0.5103)
wire (-0.2828 -0.5103) (-0.2828 -0.5103)
wire (-0.2828 -0.5103) (-0.495 -0.3878)
wire (-0.495 -0.3878) (-0.495 -0.3878)
wire (-0.495 -0.3878) (-0.8132 -0.5715)
wire (-0.8132 -0.5715) (-0.8132 -0.5715)
wire (-0.8132 -0.5715) (-1.1667 -0.5103)
wire (-1.1667 -0.5103) (-1.1667 -0.5103)
wire (-1.1667 -0.5103) (-1.0607 -0.5715)
wire (-1.0607 -0.5715) (-1.0607 -0.5715)
wire (-1.0607 -0.5715) (-0.7071 -0.6328)
wire (-1.1667 -0.5103) (-1.1137 -0.4134)
wire (-1.1137 -0.4134) (-0.9546 -0.1225)
wire (-0.495 -0.1633) (-0.495 -0.3878)
wire (-0.3005 -0.6022) (-0.3005 -0.5205)
wire (-1.1137 -0.4134) (-0.8309 -0.4542)
wire (-0.3536 -0.347) (-0.3601 -0.3517)
wire (-0.3601 -0.3517) (-0.3601 -0.3517)
wire (-0.3601 -0.3517) (-0.3649 -0.3571)
wire (-0.3649 -0.3571) (-0.3649 -0.3571)
wire (-0.3649 -0.3571) (-0.3676 -0.3629)
wire (-0.3676 -0.3629) (-0.3676 -0.3629)
wire (-0.3676 -0.3629) (-0.3681 -0.3689)
wire (-0.3681 -0.3689) (-0.3681 -0.3689)
wire (-0.3681 -0.3689) (-0.3665 -0.3749)
wire (-0.3665 -0.3749) (-0.3665 -0.3749)
wire (-0.3665 -0.3749) (-0.3627 -0.3805)
wire (-0.3627 -0.3805) (-0.3627 -0.3805)
wire (-0.3627 -0.3805) (-0.3571 -0.3856)
wire (-0.3571 -0.3856) (-0.3571 -0.3856)
wire (-0.3571 -0.3856) (-0.3497 -0.3899)
wire (-0.3497 -0.3899) (-0.3497 -0.3899)
wire (-0.3497 -0.3899) (-0.3409 -0.3931)
wire (-0.3409 -0.3931) (-0.3409 -0.3931)
wire (-0.3409 -0.3931) (-0.3311 -0.3953)
wire (-0.3311 -0.3953) (-0.3311 -0.3953)
wire (-0.3311 -0.3953) (-0.3208 -0.3963)
wire (-0.3208 -0.3963) (-0.3208 -0.3963)
wire (-0.3208 -0.3963) (-0.3104 -0.3959)
wire (-0.3104 -0.3959) (-0.3104 -0.3959)
wire (-0.3104 -0.3959) (-0.3003 -0.3944)
wire (-0.3003 -0.3944) (-0.3003 -0.3944)
wire (-0.3003 -0.3944) (-0.291 -0.3916)
wire (-0.291 -0.3916) (-0.291 -0.3916)
wire (-0.291 -0.3916) (-0.2828 -0.3878)
wire (-0.2828 -0.3878) (-0.2828 -0.3878)
wire (-0.2828 -0.3878) (-0.2763 -0.3831)
wire (-0.2763 -0.3831) (-0.2763 -0.3831)
wire (-0.2763 -0.3831) (-0.2715 -0.3778)
wire (-0.2715 -0.3778) (-0.2715 -0.3778)
wire (-0.2715 -0.3778) (-0.2688 -0.3719)
wire (-0.2688 -0.3719) (-0.2688 -0.3719)
wire (-0.2688 -0.3719) (-0.2683 -0.3659)
wire (-0.2683 -0.3659) (-0.2683 -0.3659)
wire (-0.2683 -0.3659) (-0.2699 -0.36)
wire (-0.2699 -0.36) (-0.2699 -0.36)
wire (-0.2699 -0.36) (-0.2736 -0.3543)
wire (-0.2736 -0.3543) (-0.2736 -0.3543)
wire (-0.2736 -0.3543) (-0.2793 -0.3493)
wire (-0.2793 -0.3493) (-0.2793 -0.3493)
wire (-0.2793 -0.3493) (-0.2867 -0.345)
wire (-0.2867 -0.345) (-0.2867 -0.345)
wire (-0.2867 -0.345) (-0.2955 -0.3417)
wire (-0.2955 -0.3417) (-0.2955 -0.3417)
wire (-0.2955 -0.3417) (-0.3053 -0.3395)
wire (-0.3053 -0.3395) (-0.3053 -0.3395)
wire (-0.3053 -0.3395) (-0.3156 -0.3386)
wire (-0.3156 -0.3386) (-0.3156 -0.3386)
wire (-0.3156 -0.3386) (-0.326 -0.3389)
wire (-0.326 -0.3389) (-0.326 -0.3389)
wire (-0.326 -0.3389) (-0.3361 -0.3405)
wire (-0.3361 -0.3405) (-0.3361 -0.3405)
wire (-0.3361 -0.3405) (-0.3454 -0.3432)
wire (-0.3454 -0.3432) (-0.3454 -0.3432)
wire (-0.3454 -0.3432) (-0.3536 -0.347)
wire (-0.3441 -0.3117) (-0.3566 -0.3141)
wire (-0.3566 -0.3141) (-0.3566 -0.3141)
wire (-0.3566 -0.3141) (-0.3685 -0.3175)
wire (-0.3685 -0.3175) (-0.3685 -0.3175)
wire (-0.3685 -0.3175) (-0.3794 -0.3218)
wire (-0.3794 -0.3218) (-0.3794 -0.3218)
wire (-0.3794 -0.3218) (-0.3893 -0.3269)
wire (-0.3893 -0.3269) (-0.3893 -0.3269)
wire (-0.3893 -0.3269) (-0.398 -0.3326)
wire (-0.398 -0.3326) (-0.398 -0.3326)
wire (-0.398 -0.3326) (-0.4053 -0.339)
wire (-0.4053 -0.339) (-0.4053 -0.339)
wire (-0.4053 -0.339) (-0.411 -0.3459)
wire (-0.411 -0.3459) (-0.411 -0.3459)
wire (-0.411 -0.3459) (-0.4151 -0.3532)
wire (-0.4151 -0.3532) (-0.4151 -0.3532)
wire (-0.4151 -0.3532) (-0.4175 -0.3607)
wire (-0.4175 -0.3607) (-0.4175 -0.3607)
wire (-0.4175 -0.3607) (-0.4182 -0.3683)
wire (-0.4182 -0.3683) (-0.4182 -0.3683)
wire (-0.4182 -0.3683) (-0.4169 -0.3765)
wire (-0.4169 -0.3765) (-0.4169 -0.3765)
wire (-0.4169 -0.3765) (-0.4137 -0.3846)
wire (-0.4137 -0.3846) (-0.4137 -0.3846)
wire (-0.4137 -0.3846) (-0.4085 -0.3923)
wire (-0.4085 -0.3923) (-0.4085 -0.3923)
wire (-0.4085 -0.3923) (-0.4014 -0.3995)
wire (-0.4014 -0.3995) (-0.4014 -0.3995)
wire (-0.4014 -0.3995) (-0.3926 -0.406)
wire (-0.3926 -0.406) (-0.3926 -0.406)
wire (-0.3926 -0.406) (-0.3823 -0.4117)
wire (-0.3823 -0.4117) (-0.3823 -0.4117)
wire (-0.3823 -0.4117) (-0.3707 -0.4166)
wire (-0.3707 -0.4166) (-0.3707 -0.4166)
wire (-0.3707 -0.4166) (-0.358 -0.4204)
wire (-0.358 -0.4204) (-0.358 -0.4204)
wire (-0.358 -0.4204) (-0.3445 -0.4231)
wire (-0.3445 -0.4231) (-0.3445 -0.4231)
wire (-0.3445 -0.4231) (-0.3305 -0.4247)
wire (-0.3305 -0.4247) (-0.3305 -0.4247)
wire (-0.3305 -0.4247) (-0.3162 -0.4251)
wire (-0.3162 -0.4251) (-0.3162 -0.4251)
wire (-0.3162 -0.4251) (-0.3019 -0.4244)
wire (-0.3019 -0.4244) (-0.3019 -0.4244)
wire (-0.3019 -0.4244) (-0.288 -0.4225)
wire (-0.288 -0.4225) (-0.288 -0.4225)
wire (-0.288 -0.4225) (-0.2747 -0.4194)
wire (-0.2747 -0.4194) (-0.2747 -0.4194)
wire (-0.2747 -0.4194) (-0.2623 -0.4153)
wire (-0.2623 -0.4153) (-0.2623 -0.4153)
wire (-0.2623 -0.4153) (-0.2511 -0.4102)
wire (-0.2511 -0.4102) (-0.2511 -0.4102)
wire (-0.2511 -0.4102) (-0.2412 -0.4042)
wire (-0.2412 -0.4042) (-0.2412 -0.4042)
wire (-0.2412 -0.4042) (-0.2329 -0.3975)
wire (-0.2329 -0.3975) (-0.2329 -0.3975)
wire (-0.2329 -0.3975) (-0.2263 -0.3902)
wire (-0.2263 -0.3902) (-0.2263 -0.3902)
wire (-0.2263 -0.3902) (-0.2216 -0.3824)
wire (-0.3536 -0.2644) (-0.3647 -0.2673)
wire (-0.3647 -0.2673) (-0.3647 -0.2673)
wire (-0.3647 -0.2673) (-0.3752 -0.271)
wire (-0.3752 -0.271) (-0.3752 -0.271)
wire (-0.3752 -0.271) (-0.3848 -0.2754)
wire (-0.3848 -0.2754) (-0.3848 -0.2754)
wire (-0.3848 -0.2754) (-0.3934 -0.2804)
wire (-0.3934 -0.2804) (-0.3934 -0.2804)
wire (-0.3934 -0.2804) (-0.4009 -0.286)
wire (-0.4009 -0.286) (-0.4009 -0.286)
wire (-0.4009 -0.286) (-0.4071 -0.2921)
wire (-0.4071 -0.2921) (-0.4071 -0.2921)
wire (-0.4071 -0.2921) (-0.4121 -0.2985)
wire (-0.4121 -0.2985) (-0.4121 -0.2985)
wire (-0.4121 -0.2985) (-0.4156 -0.3053)
wire (-0.4156 -0.3053) (-0.4156 -0.3053)
wire (-0.4156 -0.3053) (-0.4176 -0.3123)
wire (-0.4176 -0.3123) (-0.4176 -0.3123)
wire (-0.4176 -0.3123) (-0.4182 -0.3193)
wire (-0.3536 -0.2154) (-0.3647 -0.2183)
wire (-0.3647 -0.2183) (-0.3647 -0.2183)
wire (-0.3647 -0.2183) (-0.3752 -0.222)
wire (-0.3752 -0.222) (-0.3752 -0.222)
wire (-0.3752 -0.222) (-0.3848 -0.2264)
wire (-0.3848 -0.2264) (-0.3848 -0.2264)
wire (-0.3848 -0.2264) (-0.3934 -0.2314)
wire (-0.3934 -0.2314) (-0.3934 -0.2314)
wire (-0.3934 -0.2314) (-0.4009 -0.237)
wire (-0.4009 -0.237) (-0.4009 -0.237)
wire (-0.4009 -0.237) (-0.4071 -0.2431)
wire (-0.4071 -0.2431) (-0.4071 -0.2431)
wire (-0.4071 -0.2431) (-0.4121 -0.2495)
wire (-0.4121 -0.2495) (-0.4121 -0.2495)
wire (-0.4121 -0.2495) (-0.4156 -0.2563)
wire (-0.4156 -0.2563) (-0.4156 -0.2563)
wire (-0.4156 -0.2563) (-0.4176 -0.2633)
wire (-0.4176 -0.2633) (-0.4176 -0.2633)
wire (-0.4176 -0.2633) (-0.4182 -0.2703)
wire (-0.3536 -0.1664) (-0.3647 -0.1693)
wire (-0.3647 -0.1693) (-0.3647 -0.1693)
wire (-0.3647 -0.1693) (-0.3752 -0.173)
wire (-0.3752 -0.173) (-0.3752 -0.173)
wire (-0.3752 -0.173) (-0.3848 -0.1774)
wire (-0.3848 -0.1774) (-0.3848 -0.1774)
wire (-0.3848 -0.1774) (-0.3934 -0.1824)
wire (-0.3934 -0.1824) (-0.3934 -0.1824)
wire (-0.3934 -0.1824) (-0.4009 -0.188)
wire (-0.4009 -0.188) (-0.4009 -0.188)
wire (-0.4009 -0.188) (-0.4071 -0.1941)
wire (-0.4071 -0.1941) (-0.4071 -0.1941)
wire (-0.4071 -0.1941) (-0.4121 -0.2005)
wire (-0.4121 -0.2005) (-0.4121 -0.2005)
wire (-0.4121 -0.2005) (-0.4156 -0.2073)
wire (-0.4156 -0.2073) (-0.4156 -0.2073)
wire (-0.4156 -0.2073) (-0.4176 -0.2143)
wire (-0.4176 -0.2143) (-0.4176 -0.2143)
wire (-0.4176 -0.2143) (-0.4182 -0.2213)
wire (-0.4182 -0.2213) (-0.4182 -0.2213)
wire (-0.4182 -0.2213) (-0.4182 -0.3683)
wire (-0.2828 -0.4214) (-0.2828 -0.5103)
wire (-0.495 -0.1633) (-0.4161 -0.2088)
wire (-0.7071 -0.6328) (-0.5512 -0.5428)
arc (-0.5512 -0.5428) (-0.4812 -0.664) (-0.4812 -0.664)
wire (-0.4812 -0.664) (-0.8276 -0.864)
arc (-0.8276 -0.864) (-0.8876 -0.7601) (-0.8876 -0.864)
wire (-0.8876 -0.864) (-0.9656 -0.819)
wire (-0.9656 -0.819) (-1.1907 -0.949)
arc (-1.1907 -0.949) (-1.3227 -0.7204) (-1.3227 -0.7204)
wire (-1.3227 -0.7204) (-1.0629 -0.5704) (-1.0629 -0.5704)
wire (-0.6718 -0.8165) (-0.7081 -0.7955) (-0.7081 -0.7955)
arc (-0.5859 -0.1108) (-0.417 -0.2083) (-0.417 -0.2083)
wire (-0.5859 -0.1108) (-0.7289 -0.291)
arc (-0.6482 -0.355) (-0.7289 -0.291) (-0.7289 -0.291)
wire (-0.6482 -0.355) (-0.4959 -0.1631)
wire (-0.6959 -0.1008) (-0.8389 -0.281)
arc (-0.7582 -0.345) (-0.8389 -0.281) (-0.8389 -0.281)
wire (-0.7582 -0.345) (-0.7402 -0.3223)
arc (-0.6959 -0.1008) (-0.605 -0.1533) (-0.5981 -0.1258)
wire (-0.8059 -0.1008) (-0.9054 -0.2261)
arc ccw (-0.9054 -0.2261) (-0.8247 -0.2902) (-0.8496 -0.307)
arc cw (-0.8059 -0.1008) (-0.715 -0.1533) (-0.7089 -0.1166)
wire (-0.9059 -0.1008) (-0.9556 -0.1635)
arc ccw (-0.9556 -0.1635) (-0.8851 -0.2194) (-0.9115 -0.2355)
arc cw (-0.9059 -0.1008) (-0.828 -0.1458) (-0.822 -0.1211)
wire (-1.0607 -0.3164) (-0.8358 -0.3488) (-0.8358 -0.3488)
wire (-1.0076 -0.2194) (-0.9468 -0.2282) (-0.9468 -0.2282)
wire (-0.9546 -0.1225) (-0.9252 -0.1251) (-0.9252 -0.1251)
